const gameData = {
  locations: ["Nova-7", "Zypher", "Orion Dock", "Lunara", "Vexis", "GemHQ"],
  costMatrix: [
    [0, 42, 35, 40, 25, 42],
    [42, 0, 19, 30, 40, 23],
    [35, 19, 0, 44, 27, 28],
    [40, 30, 44, 0, 36, 41],
    [25, 40, 27, 36, 0, 36],
    [42, 23, 28, 41, 36, 0]
  ]
};
